0,0,0,-00:00:03.7930000,11
0,0,0,-00:00:03.0580000,-1
0,0,0,-00:00:04.0090000,-6
0,0,0,-00:00:02.0170000,1
0,0,0,-00:00:01.1940000,-1
0,0,0,-00:00:17.2320000,4
0,0,0,-00:00:01.5410000,-3
0,0,0,-00:00:01.2210000,2
0,0,0,-00:00:01.0750000,-3
0,0,0,-00:00:00.9510000,2
0,0,0,-00:00:06.0270000,2
0,0,0,-00:00:15.4060000,0
0,0,0,-00:00:00.1400000,0
0,0,0,-00:00:00.8550000,1
0,0,0,-00:00:01.0230000,1
0,0,0,-00:00:19.1860000,2
0,0,0,-00:00:00.9620000,3
0,0,0,-00:00:00.6080000,2
0,0,0,-00:00:01.2260000,5
0,0,0,-00:00:00.8640000,4
0,0,0,-00:00:08.7170000,3
0,0,0,-00:00:00.7110000,3
0,0,0,-00:00:00.8810000,2
0,0,0,-00:00:06.3910000,3
0,0,0,-00:00:00.6530000,2
0,0,0,-00:00:02.3810000,3
0,0,0,-00:00:00.7370000,3
0,0,0,-00:00:00.8250000,3
0,0,0,-00:00:00.8800000,3
0,0,0,-00:00:00.7630000,1
0,0,0,-00:00:02.1750000,3
0,0,0,-00:00:00.8080000,3
0,0,0,-00:00:00.7230000,3
0,0,0,-00:00:00.7730000,3
0,0,0,-00:00:01.0610000,5
0,0,0,-00:00:03.1930000,0
0,0,0,-00:00:01.4370000,0
0,0,0,-00:00:00.5960000,0
0,0,0,-00:00:00.5840000,0
0,0,0,-00:00:00.6540000,0
0,0,0,-00:00:07.7520000,0
0,0,0,-00:00:01.7030000,5
0,0,0,-00:00:02.2950000,-10
0,0,0,-00:00:01.1060000,1
0,0,0,-00:00:00.9120000,-1
0,0,0,-00:00:09.5170000,0
0,0,0,-00:00:00.7670000,0
0,0,0,-00:00:01.2580000,0
0,0,0,-00:00:00.6400000,0
0,0,0,-00:00:00.4240000,0
0,0,0,-00:00:02.4320000,0
0,0,0,-00:00:00.6060000,0
0,0,0,-00:00:00.4320000,0
0,0,0,-00:00:00.4070000,0
0,0,0,-00:00:00.3550000,0
0,0,0,-00:00:02.7720000,0
0,0,0,-00:00:15.3760000,0
0,0,0,-00:00:01.2570000,0
0,0,0,-00:00:01.8600000,0
0,0,0,-00:00:01.2710000,0
0,0,0,-00:00:01.6800000,0
0,0,0,-00:00:04.5650000,0
0,0,0,-00:00:02.8650000,0
0,0,0,-00:00:05.9320000,0
0,0,0,-00:00:01.4290000,0
0,0,0,-00:00:00.8490000,0
0,0,0,-00:00:00.9490000,0
0,0,0,-00:00:00.6740000,0
0,0,0,-00:00:00.6320000,0
0,0,0,-00:00:00.5620000,0
0,0,0,-00:00:00.5920000,0
0,0,0,-00:00:00.3770000,0
0,0,0,-00:00:02.6640000,0
0,0,0,-00:00:08.3450000,0
0,0,0,-00:00:01.3180000,0
0,0,0,-00:00:01.9350000,0
0,0,0,-00:00:00.4280000,0
0,0,0,-00:00:02.2610000,0
0,0,0,-00:00:02.1550000,0
0,0,0,-00:00:00.6850000,0
0,0,0,-00:00:00.6400000,0
0,0,0,-00:00:06.0740000,0
0,0,0,-00:00:00.7470000,0
0,0,0,-00:00:03.9830000,0
0,0,0,-00:00:00.4860000,0
0,0,0,-00:00:00.4700000,0
0,0,0,-00:00:01.6150000,0
0,0,0,-00:00:00.6550000,0
0,0,0,-00:00:00.6960000,0
0,0,0,-00:00:01.5660000,0
0,0,0,-00:00:00.5480000,0
0,0,0,-00:00:00.4740000,0
0,0,0,-00:00:00.3960000,0
0,0,0,-00:00:00.2680000,0
0,0,0,-00:00:00.9040000,0
0,0,0,-00:00:00.3930000,0
0,0,0,-00:00:00.3920000,0
0,0,0,-00:00:02.0790000,0
0,0,0,-00:00:00.9620000,0
0,0,0,-00:00:01.2950000,0
0,0,0,-00:00:00.6870000,0
0,0,0,-00:00:00.5330000,0
0,0,0,-00:00:00.7310000,0
0,0,0,-00:00:01.5490000,0
0,0,0,-00:00:11.0800000,0
0,0,0,-00:00:02.1460000,0
0,0,0,-00:00:00.5210000,0
0,0,0,-00:00:00.7060000,0
0,0,0,-00:00:02.6240000,0
0,0,0,-00:00:00.4840000,0
0,0,0,-00:00:00.9160000,0
0,0,0,-00:00:00.2270000,0
0,0,0,-00:00:00.1780000,0
0,0,0,-00:00:02.0530000,0
0,0,0,-00:00:01.7990000,0
0,0,0,-00:00:00.4220000,0
0,0,0,-00:00:01.0750000,0
0,0,0,-00:00:05.7330000,0
0,0,0,-00:00:01.4430000,0
0,0,0,-00:00:01.0590000,0
0,0,0,-00:00:00.9280000,0
0,0,0,-00:00:10.6910000,0
0,0,0,-00:00:00.4740000,0
0,0,0,-00:00:01.0020000,0
0,0,0,-00:00:00.4090000,0
0,0,0,-00:00:00.5210000,0
0,0,0,-00:00:01.3740000,0
0,0,0,-00:00:00.8550000,0
0,0,0,-00:00:00.8680000,0
0,0,0,-00:00:01.1160000,0
0,0,0,-00:00:00.4650000,0
0,0,0,-00:00:01.3120000,0
0,0,0,-00:00:00.5320000,0
0,0,0,-00:00:00.6540000,0
0,0,0,-00:00:01.8310000,0
0,0,0,-00:00:00.6300000,0
0,0,0,-00:00:00.8560000,0
0,0,0,-00:00:00.4470000,0
0,0,0,-00:00:00.6030000,0
0,0,0,-00:00:01.3910000,0
0,0,0,-00:00:00.4470000,0
0,0,0,-00:00:00.4290000,0
0,0,0,-00:00:00.4290000,0
0,0,0,-00:00:00.5050000,0
0,0,0,-00:00:00.9040000,0
0,0,0,-00:00:01.3260000,0
0,0,0,-00:00:02.0510000,0
0,0,0,-00:00:00.9550000,0
0,0,0,-00:00:01.3390000,0
0,0,0,-00:00:01.5150000,0
0,0,0,-00:00:01.6500000,0
0,0,0,-00:00:01.5160000,0
0,0,0,-00:00:00.6750000,0
0,0,0,-00:00:00.6590000,0
0,0,0,-00:00:00.5550000,0
0,0,0,-00:00:00.4380000,0
0,0,0,-00:00:01.2920000,0
0,0,0,-00:00:00.4670000,0
0,0,0,-00:00:00.5530000,0
0,0,0,-00:00:00.4360000,0
0,0,0,-00:00:00.4080000,0
0,0,0,-00:00:02.8120000,0
0,0,0,-00:00:00.8770000,0
0,0,0,-00:00:00.7000000,0
0,0,0,-00:00:00.5800000,0
0,0,0,-00:00:00.6420000,0
0,0,0,-00:00:02.1280000,0
0,0,0,-00:00:00.4700000,0
0,0,0,-00:00:02.1450000,0
0,0,0,-00:00:00.8300000,0
0,0,0,-00:00:00.4410000,0
0,0,0,-00:00:04.7960000,0
0,0,0,-00:00:01.7460000,0
0,0,0,-00:00:00.4240000,0
0,0,0,-00:00:00.5870000,0
0,0,0,-00:00:00.2550000,0
0,0,0,-00:00:02.2130000,0
0,0,0,-00:00:00.4280000,0
0,0,0,-00:00:03.9860000,0
0,0,0,-00:00:00.6450000,0
0,0,0,-00:00:00.7030000,0
0,500.4802,0.9637147,-00:00:03.3070000,0
0,499.3033,1.77768,-00:00:03.7800000,0
0,499.9206,1.350756,-00:00:06.7930000,0
0,499.365,1.735057,-00:00:05.7910000,0
0,500.1259,1.208755,-00:00:08.2700000,0
0,500.4234,1.003005,-00:00:08.3570000,0
0,499.6516,1.536814,-00:00:00.9070000,0
0,499.4055,1.707039,-00:00:02.8300000,0
0,499.604,1.569701,-00:00:05.1930000,0
0,500.034,1.272302,-00:00:01.7210000,0
0,499.597,1.57459,-00:00:00.9910000,0
0,500.0535,1.258806,-00:00:02.4870000,0
0,500.0218,1.280731,-00:00:01.3960000,0
0,499.404,1.708063,-00:00:01.0720000,0
0,500.1865,1.166851,-00:00:00.5880000,0
0,500.438,0.9929007,-00:00:06.8470000,0
0,500.3508,1.053195,-00:00:00.5060000,0
0,499.9791,1.310302,-00:00:02.5210000,0
0,500.1816,1.170224,-00:00:00.5960000,0
0,500.37,1.039901,-00:00:00.3220000,0
44.11174500.4341,0.9955682,-00:00:04.8040000,1
44.11174499.5385,1.615051,-00:00:03.9900000,1
44.11174500.0222,1.280491,-00:00:11.6530000,1
44.11174499.8088,1.428077,-00:00:01.7180000,-2
44.11174499.6176,1.560342,-00:00:08.5280000,1
44.11174499.7234,1.487167,-00:00:02.0530000,0
44.11174500.326,1.070308,-00:00:08.5880000,1
44.11174499.998,1.297187,-00:01:40.7310000,0
44.11174500.3109,1.080804,-00:00:01.4980000,0
44.11174499.6263,1.554318,-00:00:01.4790000,0
44.11174499.9075,1.359836,-00:00:01.4730000,0
44.11174500.1886,1.165354,-00:00:00.7750000,0
0.1117433,499.9083,1.359284,-00:00:03.7280000,0
0.1117433,499.4301,1.68998,-00:19:33.4080000,0
0.1117433,499.9124,1.356422,-00:00:04.0800000,0
0.1117433,500.0951,1.230047,-00:00:04.9390000,0
0.1117433,499.3669,1.733709,-00:00:04.2610000,0
0.1117433,499.5682,1.594454,-00:00:01.6750000,0
0.1117433,499.9122,1.35653,-00:00:00.5110000,0
0.1117433,499.9711,1.31583,-00:00:00.5820000,0
0.1117433,499.7289,1.483315,-00:00:00.3780000,0
0.1117433,500.1934,1.162048,-00:00:00.3170000,0
0.1117433,500.3506,1.05336,-00:00:02.4180000,0
0.01,500.476,0.9665849,-00:00:17.4650000,0
0.01,500.2541,1.120061,-00:00:04.8370000,0
0.01,500.0233,1.279732,-00:00:08.7740000,0
0.01,499.3771,1.726659,-00:00:02.5720000,0
0.01,500.2444,1.126769,-00:00:01.5180000,0
0.1217433,500.0658,1.386132,-00:00:03.7150000,0
0.1217433,499.5877,1.581023,-00:00:14.4270000,0
0.1217433,499.535,1.61747,-00:00:02.3190000,0
0.3917434,500.1374,1.200796,-00:00:07.0120000,0
0.4017434,499.4482,1.677461,-00:00:16.9600000,0
0.2517433,499.5981,1.573829,-00:00:03.4040000,0
0.1817433,500.3239,1.071784,-00:00:02.0380000,0
0.1417433,500.2852,1.098577,-00:00:16.5630000,0
0.1617433,499.7363,1.478215,-00:00:07.7420000,0
0.1117433,500.1844,1.16831,-00:00:00.7880000,0
0.1117433,500.005,1.292353,-00:00:00.4000000,0
0.1117433,500.1306,1.205471,-00:00:00.3660000,0
0.1117433,499.3951,1.714205,-00:00:00.2970000,0
0.1117433,500.1606,1.184753,-00:00:00.3230000,0
0.1117433,500.2307,1.13624,-00:00:04.6500000,0
0.1317433,499.7407,1.475158,-00:00:03.0850000,0
0.1917433,500.3584,1.047932,-00:00:07.6400000,0
0.2617433,499.6943,1.507258,-00:00:04.3890000,0
0.1117433,499.7044,1.500268,-00:00:00.9960000,0
0.1117433,499.3915,1.716675,-00:00:00.6210000,0
0.1117433,499.3836,1.722156,-00:00:00.6420000,0
0.2317433,499.8063,1.429829,-00:00:04.4720000,0
0.1117433,500.1146,1.216572,-00:00:00.4700000,0
0.08174327,499.3507,1.744927,-00:00:03.8830000,0
0.2917433,499.9012,1.364185,-00:00:07.2310000,0
0.3817434,500.0991,1.227279,-00:00:08.7160000,0
0.02174328,499.9882,1.304017,-00:00:06.9380000,0
0.1117433,499.6,1.572496,-00:00:04.2800000,0
0.05174328,499.8455,1.40268,-00:00:01.9770000,0
0.09174327,499.755,1.465306,-00:00:01.7650000,0
0.1117433,500.2224,1.142042,-00:00:01.9750000,0.1117433
0.1517433,499.3624,1.736859,-00:00:03.1380000,0.1517433
0.07174327,499.7533,1.466458,-00:00:02.8690000,0.07174327
0.05174328,500.1861,1.167117,-00:00:02.5070000,0.05174328
0.1417433,500.3886,1.027038,-00:00:01.5130000,0.1417433
0.1117433,500.2621,1.114556,-00:00:01.6380000,0.1117433
0.1617433,499.7449,1.472249,-00:00:01.9210000,0.1617433
0.1817433,500.386,1.028881,-00:00:01.6780000,0.1817433
0.07174327,499.5299,1.620958,-00:00:02.0360000,0.07174327
0.1017433,499.9078,1.359577,-00:00:02.3150000,0.1017433
0.1117433,500.2635,1.113535,-00:00:01.1550000,0.1117433
0.2217433,499.3487,1.746312,-00:00:02.7480000,0.2217433
0.1517433,500.0446,1.264985,-00:00:04.2290000,0.1517433
0.06174328,499.6253,1.55498,-00:00:05.3120000,0.06174328
0.1817433,499.9885,1.303763,-00:00:03.1290000,0.1817433
0.1091343,499.928,1.345621,-00:00:03.9550000,0.1717433
0.06761945,500.3738,1.03726,-00:00:03.8690000,0.1117433
0.1499138,499.4901,1.648521,-00:00:21.5500000,0.1417433
0.09835028,500.0438,1.26552,01:10:31.0270000,0.1717433
0.08357301,500.2025,1.155759,00:00:03.5130000,0.1317433
0.1339432,499.6616,1.529896,00:00:04.2570000,0.09174327
0.1328914,499.6729,1.522083,00:00:02.1070000,0.1317433
0.1074461,499.9461,1.333082,00:00:02.2770000,0.1517433
